2,-1,156.51,146.59,119.82,266.72,1,-1,-1,-1
2,-1,452.41,240.38,130.66,239.62,1,-1,-1,-1
2,-1,545.94,94.68,63.38,144.80,1,-1,-1,-1
2,-1,4.46,139.27,68.88,172.87,1,-1,-1,-1
3,-1,451.04,242.15,126.33,237.85,1,-1,-1,-1
3,-1,5.20,143.40,68.45,168.96,1,-1,-1,-1
3,-1,548.63,94.30,62.67,145.31,1,-1,-1,-1
3,-1,210.67,150.05,125.49,231.50,1,-1,-1,-1
4,-1,312.71,143.74,114.53,215.84,1,-1,-1,-1
4,-1,446.57,240.85,135.07,239.15,1,-1,-1,-1
4,-1,550.02,87.99,62.43,154.81,1,-1,-1,-1
4,-1,6.06,134.21,67.41,179.16,1,-1,-1,-1
4,-1,186.08,114.73,77.27,93.36,1,-1,-1,-1
5,-1,450.81,237.67,128.47,242.33,1,-1,-1,-1
5,-1,550.31,84.49,61.19,157.43,1,-1,-1,-1
5,-1,445.75,129.56,81.05,205.00,1,-1,-1,-1
5,-1,6.51,142.06,66.84,173.85,1,-1,-1,-1
5,-1,188.83,113.48,74.98,94.34,1,-1,-1,-1
6,-1,457.51,238.93,125.15,241.07,1,-1,-1,-1
6,-1,2.23,142.53,72.16,170.65,1,-1,-1,-1
7,-1,452.26,240.63,131.38,239.37,1,-1,-1,-1
7,-1,552.99,111.23,70.54,166.67,1,-1,-1,-1
7,-1,6.61,142.73,63.43,169.72,1,-1,-1,-1
8,-1,452.51,243.93,134.07,236.07,1,-1,-1,-1
8,-1,5.13,145.35,66.91,168.40,1,-1,-1,-1
9,-1,454.10,245.13,131.07,234.87,1,-1,-1,-1
9,-1,6.01,139.17,66.58,175.42,1,-1,-1,-1
10,-1,463.08,244.29,122.06,235.71,1,-1,-1,-1
10,-1,2.16,137.90,71.64,175.35,1,-1,-1,-1
10,-1,187.17,110.48,79.50,95.60,1,-1,-1,-1
11,-1,7.29,143.20,70.61,172.93,1,-1,-1,-1
11,-1,449.45,246.92,135.86,233.08,1,-1,-1,-1
11,-1,185.10,114.91,81.78,93.80,1,-1,-1,-1
12,-1,457.28,239.72,126.13,240.28,1,-1,-1,-1
12,-1,8.20,137.97,71.29,179.16,1,-1,-1,-1
12,-1,186.79,104.27,82.47,96.37,1,-1,-1,-1
13,-1,5.01,143.76,71.28,170.32,1,-1,-1,-1
13,-1,455.12,245.61,128.57,234.39,1,-1,-1,-1
13,-1,370.67,83.68,48.30,74.23,1,-1,-1,-1
13,-1,183.52,113.86,85.08,89.32,1,-1,-1,-1
14,-1,442.03,256.09,143.28,223.91,1,-1,-1,-1
14,-1,6.85,139.76,63.58,172.70,1,-1,-1,-1
15,-1,416.67,246.55,137.17,233.45,1,-1,-1,-1
15,-1,3.05,142.11,70.89,170.85,1,-1,-1,-1
15,-1,524.05,87.40,52.75,156.26,1,-1,-1,-1
15,-1,184.42,107.47,80.85,95.99,1,-1,-1,-1
16,-1,411.80,251.82,134.75,228.18,1,-1,-1,-1
16,-1,5.51,140.75,69.10,170.45,1,-1,-1,-1
16,-1,153.73,83.60,42.43,66.19,1,-1,-1,-1
16,-1,184.69,102.02,83.00,101.50,1,-1,-1,-1
16,-1,389.15,83.74,53.08,65.42,1,-1,-1,-1
17,-1,414.83,251.58,134.25,227.89,1,-1,-1,-1
17,-1,388.31,80.57,51.57,58.93,1,-1,-1,-1
17,-1,3.50,137.70,70.97,174.87,1,-1,-1,-1
17,-1,449.57,77.93,52.42,69.31,1,-1,-1,-1
18,-1,414.60,251.13,137.65,228.87,1,-1,-1,-1
18,-1,5.84,144.15,67.20,168.50,1,-1,-1,-1
18,-1,392.20,82.63,40.21,74.99,1,-1,-1,-1
18,-1,473.57,72.58,48.96,73.77,1,-1,-1,-1
18,-1,372.89,94.11,29.55,46.03,1,-1,-1,-1
18,-1,185.14,102.62,84.29,102.56,1,-1,-1,-1
19,-1,411.07,251.32,136.87,228.68,1,-1,-1,-1
19,-1,5.55,144.62,70.23,168.50,1,-1,-1,-1
19,-1,529.01,90.35,50.79,159.53,1,-1,-1,-1
19,-1,373.24,83.14,41.94,74.40,1,-1,-1,-1
20,-1,414.82,246.98,127.38,233.02,1,-1,-1,-1
20,-1,5.57,143.93,69.45,168.34,1,-1,-1,-1
20,-1,372.85,80.94,47.05,77.61,1,-1,-1,-1
21,-1,411.87,247.25,134.35,232.75,1,-1,-1,-1
21,-1,6.09,143.81,67.83,169.16,1,-1,-1,-1
22,-1,409.86,249.32,138.89,230.68,1,-1,-1,-1
22,-1,5.22,144.49,69.46,168.17,1,-1,-1,-1
22,-1,366.46,79.89,53.46,79.02,1,-1,-1,-1
23,-1,414.35,249.66,133.45,230.34,1,-1,-1,-1
23,-1,6.26,144.20,66.71,167.81,1,-1,-1,-1
23,-1,368.18,79.48,50.88,81.59,1,-1,-1,-1
23,-1,183.44,112.05,84.46,93.07,1,-1,-1,-1
24,-1,418.23,247.42,130.45,231.89,1,-1,-1,-1
24,-1,7.44,143.11,67.51,168.50,1,-1,-1,-1
24,-1,365.77,78.19,53.13,81.97,1,-1,-1,-1
25,-1,417.06,251.37,135.57,228.63,1,-1,-1,-1
25,-1,6.73,148.18,68.29,164.21,1,-1,-1,-1
25,-1,365.23,79.70,53.86,80.45,1,-1,-1,-1
26,-1,409.36,247.96,141.05,232.04,1,-1,-1,-1
26,-1,4.18,139.97,70.83,174.67,1,-1,-1,-1
26,-1,365.25,78.93,54.58,81.84,1,-1,-1,-1
27,-1,412.29,248.23,137.46,231.77,1,-1,-1,-1
27,-1,6.23,144.56,67.67,168.93,1,-1,-1,-1
27,-1,366.35,78.44,52.69,82.16,1,-1,-1,-1
28,-1,411.20,247.11,135.73,232.89,1,-1,-1,-1
28,-1,7.55,143.13,67.68,170.22,1,-1,-1,-1
28,-1,365.89,78.65,52.90,81.27,1,-1,-1,-1
29,-1,418.30,246.61,131.22,233.39,1,-1,-1,-1
29,-1,4.80,143.47,68.83,167.88,1,-1,-1,-1
29,-1,364.15,78.55,57.82,82.42,1,-1,-1,-1
30,-1,6.40,143.27,69.55,169.13,1,-1,-1,-1
30,-1,277.55,256.79,140.28,223.21,1,-1,-1,-1
30,-1,366.82,79.05,53.90,83.33,1,-1,-1,-1
30,-1,137.72,90.12,37.24,58.35,1,-1,-1,-1
31,-1,6.97,138.02,69.45,182.69,1,-1,-1,-1
31,-1,93.19,249.90,146.87,230.10,1,-1,-1,-1
31,-1,527.17,198.05,112.83,281.95,1,-1,-1,-1
31,-1,366.66,77.40,50.76,84.31,1,-1,-1,-1
32,-1,386.22,248.44,194.45,231.56,1,-1,-1,-1
32,-1,63.13,268.03,139.39,210.41,1,-1,-1,-1
32,-1,2.51,132.35,79.49,181.91,1,-1,-1,-1
32,-1,0.44,112.71,28.00,56.51,1,-1,-1,-1
32,-1,366.63,78.56,50.92,82.29,1,-1,-1,-1
33,-1,62.19,266.60,140.78,212.58,1,-1,-1,-1
33,-1,1.00,141.21,79.92,171.96,1,-1,-1,-1
33,-1,363.31,283.73,203.38,196.27,1,-1,-1,-1
33,-1,364.14,78.45,54.08,81.08,1,-1,-1,-1
34,-1,62.02,266.86,147.13,211.59,1,-1,-1,-1
34,-1,1.60,135.28,80.51,179.30,1,-1,-1,-1
34,-1,356.44,281.31,214.18,198.69,1,-1,-1,-1
34,-1,364.03,79.96,55.27,79.32,1,-1,-1,-1
35,-1,61.58,265.13,148.05,212.45,1,-1,-1,-1
35,-1,362.75,282.81,207.07,197.19,1,-1,-1,-1
35,-1,3.28,138.17,75.76,174.94,1,-1,-1,-1
35,-1,365.07,78.00,53.03,83.13,1,-1,-1,-1
36,-1,61.68,266.11,147.42,212.58,1,-1,-1,-1
36,-1,359.10,278.18,214.90,201.82,1,-1,-1,-1
36,-1,2.80,135.28,78.38,178.95,1,-1,-1,-1
36,-1,186.61,95.74,81.84,103.65,1,-1,-1,-1
36,-1,362.32,78.40,57.17,82.23,1,-1,-1,-1
37,-1,64.92,266.94,147.62,209.55,1,-1,-1,-1
37,-1,369.67,270.74,203.92,209.26,1,-1,-1,-1
37,-1,1.60,133.89,80.20,179.51,1,-1,-1,-1
37,-1,365.10,78.20,56.55,85.04,1,-1,-1,-1
38,-1,60.80,267.34,144.01,211.23,1,-1,-1,-1
38,-1,2.90,136.95,78.45,176.38,1,-1,-1,-1
38,-1,390.69,277.48,184.01,198.42,1,-1,-1,-1
38,-1,365.30,78.57,55.97,83.46,1,-1,-1,-1
39,-1,382.90,275.54,185.34,203.18,1,-1,-1,-1
39,-1,62.65,266.85,143.19,212.14,1,-1,-1,-1
39,-1,2.90,135.28,78.02,177.35,1,-1,-1,-1
39,-1,364.14,78.66,56.61,82.61,1,-1,-1,-1
40,-1,381.11,271.59,191.08,207.44,1,-1,-1,-1
40,-1,65.47,268.47,138.79,209.45,1,-1,-1,-1
40,-1,1.95,138.52,77.90,175.62,1,-1,-1,-1
40,-1,362.30,78.23,59.58,82.87,1,-1,-1,-1
41,-1,65.65,264.27,137.79,213.85,1,-1,-1,-1
41,-1,383.60,269.08,186.65,209.24,1,-1,-1,-1
41,-1,4.27,136.28,74.45,177.14,1,-1,-1,-1
41,-1,361.81,77.94,61.05,83.20,1,-1,-1,-1
42,-1,65.71,265.21,137.68,212.60,1,-1,-1,-1
42,-1,2.66,138.21,76.08,175.42,1,-1,-1,-1
42,-1,382.69,277.78,184.19,200.40,1,-1,-1,-1
42,-1,362.53,79.26,58.96,79.76,1,-1,-1,-1
43,-1,68.01,265.24,134.54,212.18,1,-1,-1,-1
43,-1,1.45,135.23,80.83,178.88,1,-1,-1,-1
43,-1,398.36,282.49,169.65,194.39,1,-1,-1,-1
43,-1,361.66,81.08,59.10,77.55,1,-1,-1,-1
44,-1,66.58,265.69,135.33,212.00,1,-1,-1,-1
44,-1,388.61,283.07,181.93,194.81,1,-1,-1,-1
44,-1,3.07,139.38,74.15,172.87,1,-1,-1,-1
44,-1,365.96,80.36,58.32,80.07,1,-1,-1,-1
45,-1,61.00,260.27,163.81,217.88,1,-1,-1,-1
45,-1,409.34,271.26,169.32,205.04,1,-1,-1,-1
45,-1,4.00,153.45,71.46,160.53,1,-1,-1,-1
45,-1,362.94,80.45,59.24,77.91,1,-1,-1,-1
46,-1,62.73,265.44,154.78,211.34,1,-1,-1,-1
46,-1,414.53,237.15,170.50,242.85,1,-1,-1,-1
46,-1,3.17,144.38,68.57,173.71,1,-1,-1,-1
46,-1,357.35,80.58,68.83,94.45,1,-1,-1,-1
46,-1,176.71,93.41,87.12,109.30,1,-1,-1,-1
47,-1,2.46,128.73,82.27,191.31,1,-1,-1,-1
47,-1,398.44,264.06,173.24,215.94,1,-1,-1,-1
47,-1,63.80,265.01,150.48,212.39,1,-1,-1,-1
47,-1,566.40,115.43,71.35,173.37,1,-1,-1,-1
47,-1,362.50,79.91,58.98,79.88,1,-1,-1,-1
48,-1,395.62,290.58,171.51,189.42,1,-1,-1,-1
48,-1,62.33,268.90,144.88,208.40,1,-1,-1,-1
48,-1,2.65,136.72,77.25,183.05,1,-1,-1,-1
48,-1,364.26,79.67,57.27,80.89,1,-1,-1,-1
49,-1,390.93,290.54,176.80,189.46,1,-1,-1,-1
49,-1,1.46,131.28,79.79,189.15,1,-1,-1,-1
49,-1,63.39,266.30,145.08,211.69,1,-1,-1,-1
49,-1,362.44,77.74,58.94,83.72,1,-1,-1,-1
49,-1,166.31,91.09,95.27,110.92,1,-1,-1,-1
50,-1,393.48,290.11,172.39,189.89,1,-1,-1,-1
50,-1,1.62,132.75,79.24,188.56,1,-1,-1,-1
50,-1,59.75,264.97,149.57,213.58,1,-1,-1,-1
50,-1,362.87,76.69,59.56,86.71,1,-1,-1,-1
51,-1,393.26,289.78,171.18,190.09,1,-1,-1,-1
51,-1,65.70,264.01,146.88,212.06,1,-1,-1,-1
51,-1,2.16,133.82,78.48,187.24,1,-1,-1,-1
51,-1,363.88,77.51,57.71,85.17,1,-1,-1,-1
51,-1,173.55,110.03,91.26,97.03,1,-1,-1,-1
52,-1,393.48,291.13,174.19,188.87,1,-1,-1,-1
52,-1,63.51,266.63,141.14,210.82,1,-1,-1,-1
52,-1,1.64,139.50,77.95,180.77,1,-1,-1,-1
52,-1,137.18,89.29,35.52,57.50,1,-1,-1,-1
52,-1,363.40,79.10,57.77,81.71,1,-1,-1,-1
53,-1,0.10,133.22,82.53,187.98,1,-1,-1,-1
53,-1,61.67,267.07,144.23,210.74,1,-1,-1,-1
53,-1,389.27,278.32,173.74,201.68,1,-1,-1,-1
53,-1,130.52,91.81,38.56,52.58,1,-1,-1,-1
53,-1,364.70,79.83,55.66,81.40,1,-1,-1,-1
54,-1,1.79,133.31,80.56,186.73,1,-1,-1,-1
54,-1,62.33,264.05,143.28,213.70,1,-1,-1,-1
54,-1,403.09,231.99,179.31,248.01,1,-1,-1,-1
54,-1,364.26,79.68,55.76,80.70,1,-1,-1,-1
55,-1,0.99,134.17,82.16,185.79,1,-1,-1,-1
55,-1,61.86,265.76,142.83,211.98,1,-1,-1,-1
55,-1,388.82,279.09,170.31,200.91,1,-1,-1,-1
55,-1,355.72,79.15,69.75,94.78,1,-1,-1,-1
56,-1,63.76,264.71,138.17,212.97,1,-1,-1,-1
56,-1,2.74,133.21,78.68,187.17,1,-1,-1,-1
56,-1,392.83,287.84,166.24,190.53,1,-1,-1,-1
56,-1,137.50,89.51,33.83,54.66,1,-1,-1,-1
56,-1,355.50,79.68,70.05,93.60,1,-1,-1,-1
57,-1,64.27,265.35,138.65,212.23,1,-1,-1,-1
57,-1,2.46,132.68,79.84,189.23,1,-1,-1,-1
57,-1,409.83,290.63,148.23,187.03,1,-1,-1,-1
57,-1,356.33,79.11,70.20,94.37,1,-1,-1,-1
57,-1,133.59,89.81,36.97,56.68,1,-1,-1,-1
58,-1,66.58,265.60,136.10,212.35,1,-1,-1,-1
58,-1,1.45,133.65,80.41,187.54,1,-1,-1,-1
58,-1,403.13,292.54,160.85,187.46,1,-1,-1,-1
58,-1,362.56,79.08,59.72,80.70,1,-1,-1,-1
58,-1,132.82,90.29,37.14,53.58,1,-1,-1,-1
59,-1,2.63,131.69,80.44,189.52,1,-1,-1,-1
59,-1,64.19,263.74,137.20,214.58,1,-1,-1,-1
59,-1,385.79,277.94,183.29,200.48,1,-1,-1,-1
59,-1,133.30,90.05,38.64,56.40,1,-1,-1,-1
59,-1,362.16,78.99,60.95,81.78,1,-1,-1,-1
60,-1,66.53,264.46,137.17,213.64,1,-1,-1,-1
60,-1,416.28,267.95,152.07,211.42,1,-1,-1,-1
60,-1,2.38,142.82,76.87,177.00,1,-1,-1,-1
60,-1,355.69,83.03,72.49,91.40,1,-1,-1,-1
61,-1,372.74,234.99,218.22,245.01,1,-1,-1,-1
61,-1,66.44,263.85,136.66,214.22,1,-1,-1,-1
61,-1,2.80,130.52,80.49,185.42,1,-1,-1,-1
61,-1,137.05,88.31,38.31,56.70,1,-1,-1,-1
61,-1,391.81,78.44,46.50,86.31,1,-1,-1,-1
62,-1,385.95,236.01,199.58,243.99,1,-1,-1,-1
62,-1,66.46,266.50,138.73,211.11,1,-1,-1,-1
62,-1,0.00,136.17,84.26,182.62,1,-1,-1,-1
62,-1,181.42,109.06,90.10,94.61,1,-1,-1,-1
62,-1,133.24,88.76,38.19,62.23,1,-1,-1,-1
63,-1,402.75,238.38,184.13,241.62,1,-1,-1,-1
63,-1,0.11,137.36,82.84,179.58,1,-1,-1,-1
63,-1,64.60,267.04,138.06,210.12,1,-1,-1,-1
63,-1,134.86,87.28,39.37,56.26,1,-1,-1,-1
64,-1,68.21,265.10,134.83,213.37,1,-1,-1,-1
64,-1,401.97,239.67,185.67,240.33,1,-1,-1,-1
64,-1,0.86,138.42,83.11,178.53,1,-1,-1,-1
65,-1,400.59,238.43,186.74,241.57,1,-1,-1,-1
65,-1,66.63,266.01,137.47,212.66,1,-1,-1,-1
65,-1,1.03,134.44,81.86,181.91,1,-1,-1,-1
65,-1,374.95,83.51,41.40,69.83,1,-1,-1,-1
66,-1,391.24,235.30,193.03,244.70,1,-1,-1,-1
66,-1,67.72,266.29,137.04,211.89,1,-1,-1,-1
66,-1,2.28,135.19,76.84,180.63,1,-1,-1,-1
66,-1,133.08,88.58,37.74,56.77,1,-1,-1,-1
67,-1,378.47,237.51,206.20,242.49,1,-1,-1,-1
67,-1,67.24,264.75,137.04,212.66,1,-1,-1,-1
67,-1,0.35,138.98,80.90,178.18,1,-1,-1,-1
67,-1,129.62,89.28,39.65,57.59,1,-1,-1,-1
68,-1,406.60,242.89,175.39,237.11,1,-1,-1,-1
68,-1,64.85,265.81,139.90,211.77,1,-1,-1,-1
68,-1,0.79,133.93,82.93,182.33,1,-1,-1,-1
68,-1,373.20,83.51,43.83,69.85,1,-1,-1,-1
69,-1,368.94,265.67,189.29,214.33,1,-1,-1,-1
69,-1,51.55,266.96,149.10,211.17,1,-1,-1,-1
69,-1,0.00,134.15,83.53,185.21,1,-1,-1,-1
69,-1,134.53,87.86,35.14,56.26,1,-1,-1,-1
70,-1,361.58,267.57,196.97,212.43,1,-1,-1,-1
70,-1,47.95,270.65,154.98,207.94,1,-1,-1,-1
70,-1,0.00,136.39,83.30,182.19,1,-1,-1,-1
71,-1,50.32,170.45,133.83,296.19,1,-1,-1,-1
71,-1,356.13,273.65,194.62,205.59,1,-1,-1,-1
71,-1,134.25,90.47,41.69,55.47,1,-1,-1,-1
71,-1,5.12,127.70,78.96,179.86,1,-1,-1,-1
71,-1,572.30,107.53,46.77,132.98,1,-1,-1,-1
71,-1,185.67,110.71,82.09,94.52,1,-1,-1,-1
72,-1,346.80,279.13,202.41,199.68,1,-1,-1,-1
72,-1,132.51,88.45,38.89,60.36,1,-1,-1,-1
72,-1,1.22,134.67,80.05,187.46,1,-1,-1,-1
72,-1,174.94,119.96,82.92,85.99,1,-1,-1,-1
73,-1,354.86,284.29,203.70,195.71,1,-1,-1,-1
73,-1,0.55,130.09,83.73,192.88,1,-1,-1,-1
73,-1,131.66,91.69,35.22,51.61,1,-1,-1,-1
74,-1,350.07,281.50,189.22,197.78,1,-1,-1,-1
74,-1,1.47,133.97,77.74,187.98,1,-1,-1,-1
75,-1,357.35,269.55,209.75,210.45,1,-1,-1,-1
75,-1,5.17,141.08,67.48,179.09,1,-1,-1,-1
76,-1,356.42,268.91,206.02,210.18,1,-1,-1,-1
76,-1,0.01,135.03,83.98,187.32,1,-1,-1,-1
77,-1,372.78,232.25,157.93,243.10,1,-1,-1,-1
77,-1,0.00,137.35,79.82,184.77,1,-1,-1,-1
78,-1,268.96,265.63,199.54,214.37,1,-1,-1,-1
78,-1,0.00,141.16,79.62,180.07,1,-1,-1,-1
78,-1,132.32,89.00,36.35,56.17,1,-1,-1,-1
79,-1,252.52,278.99,210.27,201.01,1,-1,-1,-1
79,-1,0.00,140.76,79.61,181.34,1,-1,-1,-1
79,-1,135.25,88.99,37.40,58.21,1,-1,-1,-1
79,-1,601.03,255.21,33.93,174.67,1,-1,-1,-1
80,-1,0.00,133.00,81.71,187.83,1,-1,-1,-1
80,-1,232.50,274.71,236.75,203.72,1,-1,-1,-1
80,-1,138.35,83.85,35.52,66.29,1,-1,-1,-1
81,-1,244.61,279.91,219.69,200.09,1,-1,-1,-1
81,-1,1.16,139.68,65.92,181.48,1,-1,-1,-1
81,-1,597.73,256.53,37.61,172.73,1,-1,-1,-1
81,-1,145.90,86.58,35.33,64.20,1,-1,-1,-1
82,-1,264.01,255.89,209.12,224.11,1,-1,-1,-1
82,-1,2.41,121.47,78.94,194.55,1,-1,-1,-1
82,-1,597.62,254.23,37.73,175.01,1,-1,-1,-1
83,-1,333.32,233.65,189.81,246.35,1,-1,-1,-1
83,-1,2.14,136.77,73.94,182.76,1,-1,-1,-1
83,-1,185.02,111.04,81.29,96.59,1,-1,-1,-1
84,-1,317.61,227.84,192.35,252.16,1,-1,-1,-1
84,-1,129.46,90.22,43.97,54.42,1,-1,-1,-1
84,-1,0.19,138.33,76.32,182.98,1,-1,-1,-1
85,-1,319.77,231.02,195.15,248.98,1,-1,-1,-1
85,-1,0.23,106.52,41.43,66.71,1,-1,-1,-1
85,-1,0.37,132.52,75.36,191.01,1,-1,-1,-1
85,-1,137.76,91.66,34.11,51.17,1,-1,-1,-1
86,-1,230.16,260.43,244.82,219.41,1,-1,-1,-1
86,-1,4.02,104.72,76.20,212.09,1,-1,-1,-1
86,-1,597.49,253.04,38.26,176.31,1,-1,-1,-1
86,-1,184.82,107.79,80.61,97.05,1,-1,-1,-1
87,-1,227.88,263.20,239.12,216.43,1,-1,-1,-1
87,-1,1.75,106.07,46.61,67.81,1,-1,-1,-1
87,-1,3.07,111.59,75.93,204.28,1,-1,-1,-1
87,-1,183.77,106.62,82.82,96.05,1,-1,-1,-1
87,-1,599.40,253.42,36.57,175.76,1,-1,-1,-1
88,-1,225.10,265.78,249.79,213.37,1,-1,-1,-1
88,-1,0.00,110.56,42.70,62.57,1,-1,-1,-1
88,-1,2.66,133.12,71.81,186.29,1,-1,-1,-1
89,-1,227.23,263.79,244.96,215.84,1,-1,-1,-1
89,-1,3.26,124.33,72.44,195.54,1,-1,-1,-1
89,-1,6.35,111.64,41.34,62.64,1,-1,-1,-1
89,-1,597.83,254.13,37.73,175.21,1,-1,-1,-1
89,-1,131.63,89.44,34.24,56.72,1,-1,-1,-1
89,-1,184.18,112.93,80.76,94.11,1,-1,-1,-1
90,-1,305.30,277.82,187.36,201.93,1,-1,-1,-1
90,-1,1.80,128.13,74.48,193.49,1,-1,-1,-1
90,-1,598.82,255.00,36.97,174.46,1,-1,-1,-1
90,-1,184.09,113.09,81.40,93.31,1,-1,-1,-1
91,-1,316.36,272.38,183.08,207.62,1,-1,-1,-1
91,-1,2.64,111.54,76.07,202.62,1,-1,-1,-1
91,-1,597.26,250.96,38.20,178.53,1,-1,-1,-1
91,-1,2.09,147.03,56.42,180.92,1,-1,-1,-1
91,-1,186.86,112.29,82.07,92.76,1,-1,-1,-1
92,-1,213.79,275.28,225.50,204.72,1,-1,-1,-1
92,-1,0.00,131.81,70.95,191.68,1,-1,-1,-1
92,-1,190.87,111.23,76.63,101.05,1,-1,-1,-1
93,-1,2.71,113.64,79.33,202.93,1,-1,-1,-1
93,-1,217.85,273.74,241.85,206.26,1,-1,-1,-1
93,-1,128.91,88.51,39.93,61.55,1,-1,-1,-1
93,-1,184.85,105.77,79.64,105.98,1,-1,-1,-1
94,-1,209.40,267.71,250.44,212.29,1,-1,-1,-1
94,-1,3.34,126.35,74.03,192.58,1,-1,-1,-1
94,-1,132.64,88.02,36.00,60.69,1,-1,-1,-1
94,-1,7.32,111.65,37.67,58.36,1,-1,-1,-1
94,-1,595.02,290.16,41.73,140.05,1,-1,-1,-1
95,-1,215.53,274.78,244.39,205.22,1,-1,-1,-1
95,-1,1.62,110.81,80.53,205.24,1,-1,-1,-1
95,-1,7.67,110.89,37.76,61.38,1,-1,-1,-1
96,-1,0.87,113.66,80.75,202.14,1,-1,-1,-1
96,-1,215.31,275.22,244.85,204.78,1,-1,-1,-1
96,-1,6.44,113.78,37.49,57.16,1,-1,-1,-1
97,-1,219.07,266.67,239.62,212.34,1,-1,-1,-1
97,-1,2.06,110.05,78.71,204.21,1,-1,-1,-1
97,-1,5.79,109.53,41.10,63.95,1,-1,-1,-1
98,-1,0.22,112.98,83.17,202.77,1,-1,-1,-1
98,-1,220.48,271.19,241.24,208.81,1,-1,-1,-1
98,-1,129.67,90.20,37.30,53.44,1,-1,-1,-1
98,-1,1.30,109.17,44.07,61.81,1,-1,-1,-1
99,-1,220.16,268.48,239.99,211.52,1,-1,-1,-1
99,-1,0.00,109.37,41.06,60.95,1,-1,-1,-1
99,-1,0.00,130.60,79.46,192.13,1,-1,-1,-1
99,-1,131.54,91.24,34.00,53.10,1,-1,-1,-1
100,-1,217.71,271.11,242.13,208.89,1,-1,-1,-1
100,-1,0.91,111.10,80.78,204.76,1,-1,-1,-1
100,-1,4.39,109.57,41.45,62.45,1,-1,-1,-1
101,-1,220.66,274.46,239.99,205.54,1,-1,-1,-1
101,-1,1.95,108.80,43.61,64.20,1,-1,-1,-1
101,-1,1.58,112.31,81.35,203.09,1,-1,-1,-1
101,-1,186.18,106.48,77.81,97.86,1,-1,-1,-1
102,-1,220.49,272.96,242.32,207.04,1,-1,-1,-1
102,-1,2.09,112.93,82.22,204.76,1,-1,-1,-1
102,-1,4.45,113.19,38.01,58.73,1,-1,-1,-1
103,-1,219.71,272.25,239.38,207.75,1,-1,-1,-1
103,-1,3.10,130.80,73.83,188.27,1,-1,-1,-1
103,-1,4.57,113.09,38.64,59.76,1,-1,-1,-1
103,-1,594.21,256.07,40.42,177.35,1,-1,-1,-1
104,-1,217.55,268.66,242.29,211.34,1,-1,-1,-1
104,-1,2.17,112.95,79.64,202.93,1,-1,-1,-1
104,-1,185.98,110.98,79.69,94.54,1,-1,-1,-1
105,-1,217.42,270.81,244.27,209.19,1,-1,-1,-1
105,-1,1.88,112.25,79.08,202.22,1,-1,-1,-1
105,-1,4.94,109.99,41.74,62.74,1,-1,-1,-1
105,-1,184.19,111.96,81.36,93.11,1,-1,-1,-1
105,-1,1.59,150.22,60.03,178.60,1,-1,-1,-1
106,-1,220.69,263.41,244.65,216.26,1,-1,-1,-1
106,-1,1.88,109.76,80.03,205.81,1,-1,-1,-1
106,-1,3.88,110.79,41.45,60.78,1,-1,-1,-1
107,-1,1.39,109.76,82.21,205.89,1,-1,-1,-1
107,-1,218.54,276.61,241.52,203.39,1,-1,-1,-1
107,-1,186.43,107.31,78.31,96.63,1,-1,-1,-1
107,-1,135.71,90.11,38.22,56.05,1,-1,-1,-1
108,-1,220.49,272.04,238.29,207.96,1,-1,-1,-1
108,-1,3.38,130.45,72.06,184.56,1,-1,-1,-1
108,-1,3.88,107.82,42.80,67.92,1,-1,-1,-1
108,-1,133.58,89.97,35.65,57.03,1,-1,-1,-1
108,-1,185.56,110.05,77.01,98.27,1,-1,-1,-1
109,-1,220.24,272.87,242.50,207.13,1,-1,-1,-1
109,-1,136.05,89.41,45.61,59.05,1,-1,-1,-1
109,-1,2.33,109.23,43.27,67.57,1,-1,-1,-1
109,-1,1.58,149.96,51.65,180.99,1,-1,-1,-1
110,-1,217.47,277.51,247.84,202.49,1,-1,-1,-1
110,-1,138.74,90.11,36.81,56.15,1,-1,-1,-1
110,-1,2.73,107.95,40.84,69.99,1,-1,-1,-1
111,-1,219.52,272.61,241.38,207.39,1,-1,-1,-1
111,-1,130.60,87.61,41.58,62.62,1,-1,-1,-1
111,-1,2.54,108.84,42.24,68.93,1,-1,-1,-1
111,-1,188.47,112.31,76.19,92.84,1,-1,-1,-1
112,-1,219.34,275.22,242.31,204.78,1,-1,-1,-1
112,-1,3.17,106.72,41.61,71.45,1,-1,-1,-1
113,-1,215.27,267.13,244.02,212.87,1,-1,-1,-1
113,-1,125.92,89.50,41.47,56.92,1,-1,-1,-1
113,-1,3.48,107.10,38.68,68.85,1,-1,-1,-1
114,-1,217.18,268.09,245.12,211.91,1,-1,-1,-1
114,-1,136.64,86.90,38.16,63.55,1,-1,-1,-1
114,-1,1.11,108.51,43.98,68.05,1,-1,-1,-1
115,-1,219.32,275.50,244.36,204.50,1,-1,-1,-1
115,-1,2.49,131.81,58.03,200.41,1,-1,-1,-1
116,-1,218.46,276.43,245.28,203.57,1,-1,-1,-1
116,-1,2.88,105.00,45.67,67.52,1,-1,-1,-1
116,-1,1.89,146.92,55.11,186.37,1,-1,-1,-1
117,-1,223.66,270.48,237.03,209.52,1,-1,-1,-1
117,-1,129.24,89.24,38.64,57.84,1,-1,-1,-1
118,-1,222.75,276.55,237.80,203.45,1,-1,-1,-1
118,-1,2.01,150.68,56.42,183.84,1,-1,-1,-1
119,-1,219.56,272.91,241.99,207.09,1,-1,-1,-1
119,-1,2.88,129.78,68.31,192.88,1,-1,-1,-1
119,-1,22.25,110.42,42.19,51.92,1,-1,-1,-1
120,-1,232.09,264.63,232.86,215.37,1,-1,-1,-1
120,-1,2.15,148.11,57.04,183.41,1,-1,-1,-1
121,-1,312.74,255.24,204.84,223.85,1,-1,-1,-1
121,-1,5.84,119.49,68.80,195.39,1,-1,-1,-1
122,-1,241.00,268.71,227.64,211.29,1,-1,-1,-1
122,-1,5.80,129.43,66.04,185.71,1,-1,-1,-1
123,-1,228.92,277.96,231.20,202.04,1,-1,-1,-1
123,-1,7.27,129.74,64.76,186.66,1,-1,-1,-1
124,-1,226.41,282.23,234.18,197.01,1,-1,-1,-1
124,-1,155.51,84.50,35.94,60.74,1,-1,-1,-1
124,-1,7.64,129.63,65.31,184.20,1,-1,-1,-1
124,-1,196.77,118.10,92.25,84.07,1,-1,-1,-1
125,-1,229.83,278.26,233.06,201.74,1,-1,-1,-1
125,-1,6.08,131.25,64.77,183.76,1,-1,-1,-1
126,-1,229.47,278.29,235.44,201.71,1,-1,-1,-1
126,-1,197.03,105.75,80.20,97.37,1,-1,-1,-1
126,-1,1.56,149.95,58.35,178.39,1,-1,-1,-1
127,-1,226.89,279.79,231.61,200.21,1,-1,-1,-1
127,-1,2.38,148.02,57.67,181.48,1,-1,-1,-1
127,-1,0.00,107.28,36.16,68.82,1,-1,-1,-1
128,-1,228.45,281.54,230.89,198.23,1,-1,-1,-1
128,-1,0.42,108.38,40.68,65.83,1,-1,-1,-1
129,-1,259.60,255.26,223.48,222.79,1,-1,-1,-1
129,-1,200.67,109.99,82.66,97.03,1,-1,-1,-1
129,-1,0.37,108.04,42.60,66.94,1,-1,-1,-1
129,-1,154.07,92.19,47.19,52.38,1,-1,-1,-1
130,-1,297.91,253.35,208.63,223.48,1,-1,-1,-1
130,-1,0.36,107.51,43.01,69.34,1,-1,-1,-1
130,-1,1.60,151.16,51.41,174.26,1,-1,-1,-1
131,-1,303.47,266.56,205.84,211.34,1,-1,-1,-1
131,-1,7.20,129.17,67.18,183.26,1,-1,-1,-1
132,-1,237.16,284.95,227.02,194.53,1,-1,-1,-1
132,-1,1.79,148.95,57.35,177.28,1,-1,-1,-1
132,-1,138.31,86.16,36.67,59.05,1,-1,-1,-1
132,-1,0.00,108.43,39.36,66.99,1,-1,-1,-1
133,-1,234.87,288.66,227.35,191.34,1,-1,-1,-1
133,-1,8.17,134.76,65.59,177.21,1,-1,-1,-1
133,-1,0.06,108.07,40.63,63.90,1,-1,-1,-1
134,-1,133.26,88.95,37.74,59.10,1,-1,-1,-1
134,-1,225.98,288.16,236.02,190.76,1,-1,-1,-1
134,-1,5.64,133.51,66.08,180.70,1,-1,-1,-1
135,-1,231.60,287.89,228.31,192.11,1,-1,-1,-1
135,-1,129.69,90.54,35.80,55.08,1,-1,-1,-1
135,-1,1.68,148.03,55.41,177.35,1,-1,-1,-1
136,-1,229.21,285.09,227.93,194.01,1,-1,-1,-1
136,-1,1.96,148.74,56.15,176.72,1,-1,-1,-1
137,-1,233.74,286.21,224.62,193.35,1,-1,-1,-1
137,-1,188.78,114.16,71.94,95.08,1,-1,-1,-1
137,-1,3.24,127.68,54.96,199.16,1,-1,-1,-1
138,-1,232.91,286.00,227.93,194.00,1,-1,-1,-1
138,-1,2.03,148.63,56.00,176.59,1,-1,-1,-1
138,-1,194.70,101.18,69.59,102.28,1,-1,-1,-1
139,-1,261.17,260.95,233.00,219.05,1,-1,-1,-1
139,-1,128.31,91.24,41.02,52.84,1,-1,-1,-1
139,-1,9.20,130.26,64.47,181.84,1,-1,-1,-1
139,-1,0.66,108.54,39.17,62.13,1,-1,-1,-1
139,-1,1.71,149.30,55.80,173.85,1,-1,-1,-1
140,-1,304.56,259.88,203.12,217.95,1,-1,-1,-1
140,-1,128.40,90.83,37.62,53.70,1,-1,-1,-1
140,-1,7.76,129.52,65.83,185.35,1,-1,-1,-1
141,-1,214.16,275.83,222.56,204.17,1,-1,-1,-1
141,-1,136.80,90.71,44.23,53.21,1,-1,-1,-1
141,-1,7.72,124.07,66.27,191.76,1,-1,-1,-1
141,-1,0.78,148.80,55.11,177.00,1,-1,-1,-1
142,-1,209.46,275.50,226.67,204.50,1,-1,-1,-1
142,-1,133.82,90.62,43.14,51.89,1,-1,-1,-1
142,-1,202.53,120.63,82.08,86.33,1,-1,-1,-1
142,-1,2.24,149.53,56.37,176.72,1,-1,-1,-1
142,-1,402.38,77.34,49.35,84.77,1,-1,-1,-1
143,-1,222.96,286.04,217.09,193.96,1,-1,-1,-1
143,-1,132.54,89.31,39.52,54.27,1,-1,-1,-1
143,-1,7.72,124.86,66.56,190.04,1,-1,-1,-1
143,-1,4.38,107.99,40.63,62.47,1,-1,-1,-1
144,-1,222.40,277.48,224.68,202.52,1,-1,-1,-1
144,-1,5.56,122.64,66.79,192.58,1,-1,-1,-1
144,-1,4.25,106.88,42.90,66.52,1,-1,-1,-1
144,-1,140.54,90.77,40.46,54.33,1,-1,-1,-1
145,-1,213.85,274.44,229.99,205.56,1,-1,-1,-1
145,-1,139.50,89.95,42.09,57.02,1,-1,-1,-1
145,-1,6.96,123.43,65.50,190.64,1,-1,-1,-1
145,-1,191.68,112.09,72.88,91.58,1,-1,-1,-1
146,-1,219.72,275.06,229.54,204.94,1,-1,-1,-1
146,-1,137.83,89.80,42.12,55.28,1,-1,-1,-1
146,-1,6.72,123.61,66.75,191.01,1,-1,-1,-1
146,-1,191.40,111.92,73.54,93.24,1,-1,-1,-1
147,-1,218.86,276.37,229.58,203.63,1,-1,-1,-1
147,-1,7.46,127.26,65.73,186.37,1,-1,-1,-1
147,-1,144.89,86.98,35.17,56.50,1,-1,-1,-1
148,-1,218.98,275.72,228.71,204.28,1,-1,-1,-1
148,-1,6.72,123.85,66.17,191.68,1,-1,-1,-1
148,-1,1.29,146.71,54.66,177.28,1,-1,-1,-1
149,-1,213.96,275.49,232.47,204.51,1,-1,-1,-1
149,-1,154.00,86.83,45.61,62.18,1,-1,-1,-1
149,-1,3.84,120.76,66.83,195.92,1,-1,-1,-1
150,-1,217.82,276.91,231.97,203.09,1,-1,-1,-1
150,-1,201.17,120.59,83.01,86.30,1,-1,-1,-1
150,-1,18.79,110.52,44.70,60.09,1,-1,-1,-1
150,-1,2.83,133.14,70.19,186.88,1,-1,-1,-1
150,-1,149.63,89.28,28.67,57.41,1,-1,-1,-1
151,-1,212.79,272.78,226.14,207.22,1,-1,-1,-1
151,-1,1.15,125.13,76.87,200.33,1,-1,-1,-1
151,-1,199.10,121.81,84.54,85.83,1,-1,-1,-1
151,-1,148.02,85.91,32.92,64.91,1,-1,-1,-1
151,-1,2.60,109.30,42.90,67.78,1,-1,-1,-1
152,-1,219.08,275.33,227.15,204.67,1,-1,-1,-1
152,-1,0.92,125.55,75.20,198.31,1,-1,-1,-1
152,-1,139.25,89.46,39.71,55.32,1,-1,-1,-1
152,-1,202.95,109.76,75.61,98.63,1,-1,-1,-1
153,-1,220.12,278.53,226.89,201.47,1,-1,-1,-1
153,-1,1.95,124.10,73.60,199.63,1,-1,-1,-1
153,-1,139.16,90.86,40.00,55.06,1,-1,-1,-1
153,-1,200.66,119.72,78.34,87.62,1,-1,-1,-1
154,-1,214.86,275.86,226.44,204.14,1,-1,-1,-1
154,-1,6.93,127.58,71.74,197.85,1,-1,-1,-1
154,-1,136.95,90.23,39.72,53.41,1,-1,-1,-1
154,-1,204.00,111.01,76.93,96.44,1,-1,-1,-1
154,-1,1.74,108.14,45.74,70.62,1,-1,-1,-1
155,-1,213.30,252.77,203.56,227.23,1,-1,-1,-1
155,-1,53.98,145.93,80.47,220.37,1,-1,-1,-1
155,-1,136.56,90.17,42.91,55.62,1,-1,-1,-1
155,-1,25.55,107.70,39.23,64.10,1,-1,-1,-1
155,-1,202.92,121.63,80.66,86.40,1,-1,-1,-1
156,-1,71.87,225.94,174.78,248.50,1,-1,-1,-1
156,-1,203.13,114.21,77.04,105.42,1,-1,-1,-1
156,-1,186.65,193.30,85.26,185.35,1,-1,-1,-1
156,-1,133.74,92.15,40.54,53.30,1,-1,-1,-1
157,-1,353.43,145.18,130.28,194.25,1,-1,-1,-1
157,-1,26.07,143.66,105.43,229.53,1,-1,-1,-1
157,-1,498.97,222.69,138.17,257.31,1,-1,-1,-1
157,-1,2.64,102.38,45.97,76.23,1,-1,-1,-1
157,-1,396.76,141.63,95.85,187.68,1,-1,-1,-1
157,-1,203.20,112.37,78.10,95.73,1,-1,-1,-1
158,-1,41.47,116.71,69.67,186.66,1,-1,-1,-1
158,-1,382.60,254.70,140.51,224.46,1,-1,-1,-1
158,-1,2.57,107.30,39.57,73.82,1,-1,-1,-1
158,-1,145.03,88.61,38.94,54.97,1,-1,-1,-1
158,-1,202.95,111.01,75.89,96.99,1,-1,-1,-1
159,-1,4.95,108.89,78.99,202.77,1,-1,-1,-1
159,-1,319.07,276.02,123.12,203.20,1,-1,-1,-1
159,-1,202.37,122.94,81.75,85.09,1,-1,-1,-1
160,-1,4.20,118.59,82.27,193.49,1,-1,-1,-1
160,-1,242.59,292.46,148.17,187.54,1,-1,-1,-1
160,-1,134.39,89.27,48.99,56.96,1,-1,-1,-1
160,-1,200.04,122.44,82.81,84.99,1,-1,-1,-1
161,-1,3.92,117.23,84.07,191.98,1,-1,-1,-1
161,-1,244.12,291.58,151.17,185.32,1,-1,-1,-1
161,-1,4.23,110.67,31.73,47.75,1,-1,-1,-1
162,-1,6.08,113.29,83.12,196.84,1,-1,-1,-1
162,-1,218.34,297.18,159.28,182.82,1,-1,-1,-1
162,-1,139.45,89.67,45.52,60.23,1,-1,-1,-1
162,-1,200.56,120.49,83.57,86.77,1,-1,-1,-1
163,-1,64.84,158.17,116.75,254.15,1,-1,-1,-1
163,-1,7.21,118.41,68.55,180.35,1,-1,-1,-1
163,-1,491.08,216.24,145.24,263.76,1,-1,-1,-1
163,-1,135.52,89.28,44.99,60.74,1,-1,-1,-1
163,-1,202.13,110.46,79.21,98.77,1,-1,-1,-1
163,-1,7.91,113.79,33.36,49.97,1,-1,-1,-1
164,-1,4.05,119.60,82.42,189.23,1,-1,-1,-1
164,-1,347.44,272.40,151.06,207.60,1,-1,-1,-1
164,-1,162.99,111.65,60.69,106.23,1,-1,-1,-1
164,-1,174.07,107.40,78.42,107.06,1,-1,-1,-1
164,-1,7.05,116.30,34.36,46.83,1,-1,-1,-1
165,-1,3.56,116.38,83.42,194.70,1,-1,-1,-1
165,-1,223.35,282.56,149.22,197.44,1,-1,-1,-1
165,-1,154.16,87.25,45.27,61.26,1,-1,-1,-1
165,-1,7.06,116.10,34.50,46.08,1,-1,-1,-1
166,-1,4.72,120.27,83.45,190.27,1,-1,-1,-1
166,-1,169.77,297.22,169.05,182.42,1,-1,-1,-1
166,-1,127.11,88.64,47.23,58.62,1,-1,-1,-1
166,-1,202.70,110.68,75.93,98.07,1,-1,-1,-1
167,-1,4.90,108.65,81.82,200.02,1,-1,-1,-1
167,-1,165.68,302.64,190.96,176.20,1,-1,-1,-1
167,-1,127.64,88.05,47.32,59.96,1,-1,-1,-1
167,-1,201.79,109.60,75.73,98.52,1,-1,-1,-1
168,-1,3.20,117.04,86.04,192.88,1,-1,-1,-1
168,-1,165.87,297.92,185.09,181.17,1,-1,-1,-1
168,-1,202.93,111.12,77.74,97.22,1,-1,-1,-1
169,-1,5.68,124.23,82.09,186.95,1,-1,-1,-1
169,-1,167.24,296.33,186.72,182.69,1,-1,-1,-1
169,-1,203.08,110.31,74.71,95.73,1,-1,-1,-1
169,-1,152.54,90.44,42.38,57.34,1,-1,-1,-1
170,-1,5.15,113.64,84.50,197.77,1,-1,-1,-1
170,-1,174.96,301.13,176.99,178.24,1,-1,-1,-1
170,-1,149.92,86.66,31.02,60.97,1,-1,-1,-1
170,-1,195.00,113.03,73.61,95.47,1,-1,-1,-1
171,-1,5.02,130.41,82.47,182.26,1,-1,-1,-1
171,-1,163.64,299.23,183.84,180.66,1,-1,-1,-1
171,-1,130.51,90.94,46.70,55.17,1,-1,-1,-1
171,-1,2.31,111.11,33.66,48.01,1,-1,-1,-1
171,-1,193.89,113.74,74.15,95.67,1,-1,-1,-1
172,-1,4.50,108.58,82.94,203.89,1,-1,-1,-1
172,-1,165.39,300.27,182.97,179.43,1,-1,-1,-1
172,-1,194.47,113.03,71.91,95.84,1,-1,-1,-1
173,-1,4.40,113.78,83.82,192.51,1,-1,-1,-1
173,-1,158.05,296.67,189.57,183.33,1,-1,-1,-1
173,-1,200.93,121.54,79.05,84.99,1,-1,-1,-1
173,-1,153.50,94.93,42.57,49.91,1,-1,-1,-1
174,-1,3.08,109.39,85.03,202.30,1,-1,-1,-1
174,-1,156.02,296.22,191.04,183.59,1,-1,-1,-1
174,-1,139.01,89.06,33.37,60.15,1,-1,-1,-1
175,-1,4.96,113.49,83.94,197.77,1,-1,-1,-1
175,-1,167.27,298.73,177.75,179.96,1,-1,-1,-1
175,-1,127.24,89.60,38.76,58.25,1,-1,-1,-1
176,-1,3.77,114.86,85.01,197.23,1,-1,-1,-1
176,-1,165.51,297.28,182.89,182.26,1,-1,-1,-1
176,-1,190.79,115.42,76.02,94.96,1,-1,-1,-1
177,-1,4.56,117.10,82.55,194.47,1,-1,-1,-1
177,-1,162.68,293.78,183.57,185.13,1,-1,-1,-1
177,-1,146.23,85.13,32.21,63.38,1,-1,-1,-1
177,-1,208.00,113.38,65.23,91.22,1,-1,-1,-1
178,-1,5.07,116.33,83.39,194.32,1,-1,-1,-1
178,-1,160.12,292.12,185.56,186.71,1,-1,-1,-1
178,-1,156.56,90.09,41.06,55.24,1,-1,-1,-1
178,-1,205.19,113.33,65.36,92.91,1,-1,-1,-1
178,-1,150.26,85.80,28.84,62.27,1,-1,-1,-1
179,-1,3.37,114.22,86.06,199.24,1,-1,-1,-1
179,-1,158.35,297.00,186.08,180.39,1,-1,-1,-1
179,-1,140.91,89.98,30.20,58.55,1,-1,-1,-1
179,-1,187.76,111.08,75.92,98.88,1,-1,-1,-1
180,-1,5.10,114.23,84.31,198.54,1,-1,-1,-1
180,-1,147.80,317.94,177.27,160.77,1,-1,-1,-1
180,-1,133.43,90.58,40.82,56.10,1,-1,-1,-1
180,-1,165.65,109.49,91.75,101.13,1,-1,-1,-1
181,-1,5.80,115.05,82.99,197.00,1,-1,-1,-1
181,-1,149.26,318.52,174.79,158.90,1,-1,-1,-1
181,-1,166.39,112.03,81.50,99.64,1,-1,-1,-1
182,-1,3.46,110.49,87.38,199.63,1,-1,-1,-1
182,-1,155.61,319.57,165.75,159.61,1,-1,-1,-1
182,-1,129.40,90.63,43.83,57.68,1,-1,-1,-1
182,-1,171.24,114.33,77.45,97.63,1,-1,-1,-1
183,-1,5.29,111.08,83.61,200.18,1,-1,-1,-1
183,-1,152.38,320.88,165.98,159.12,1,-1,-1,-1
183,-1,133.61,90.94,39.94,56.50,1,-1,-1,-1
183,-1,168.77,116.09,80.19,95.19,1,-1,-1,-1
184,-1,2.59,107.94,85.52,201.27,1,-1,-1,-1
184,-1,151.73,325.57,171.45,154.43,1,-1,-1,-1
184,-1,162.80,116.33,86.39,94.74,1,-1,-1,-1
184,-1,137.40,86.60,35.96,60.21,1,-1,-1,-1
185,-1,3.32,106.88,86.94,205.16,1,-1,-1,-1
185,-1,169.28,117.46,78.89,92.95,1,-1,-1,-1
185,-1,141.72,87.75,36.55,58.31,1,-1,-1,-1
185,-1,151.81,324.70,169.71,152.94,1,-1,-1,-1
186,-1,8.43,109.54,72.77,199.32,1,-1,-1,-1
186,-1,130.66,88.46,41.82,61.50,1,-1,-1,-1
186,-1,157.46,324.96,165.85,155.04,1,-1,-1,-1
186,-1,169.85,116.75,77.69,94.08,1,-1,-1,-1
187,-1,153.85,322.23,170.98,157.58,1,-1,-1,-1
187,-1,129.20,88.65,39.80,61.31,1,-1,-1,-1
187,-1,169.92,116.84,77.90,93.93,1,-1,-1,-1
187,-1,3.49,117.92,70.13,184.77,1,-1,-1,-1
188,-1,147.84,321.95,170.34,158.05,1,-1,-1,-1
188,-1,169.22,116.05,79.75,94.67,1,-1,-1,-1
188,-1,130.23,90.12,38.47,59.14,1,-1,-1,-1
188,-1,3.35,118.65,70.67,184.05,1,-1,-1,-1
189,-1,151.02,319.97,165.85,159.49,1,-1,-1,-1
189,-1,138.60,89.70,34.40,58.14,1,-1,-1,-1
189,-1,163.83,114.47,85.56,97.18,1,-1,-1,-1
190,-1,156.42,319.68,163.21,158.88,1,-1,-1,-1
190,-1,162.15,112.30,87.99,98.96,1,-1,-1,-1
190,-1,5.16,118.06,69.50,185.93,1,-1,-1,-1
190,-1,135.96,90.31,37.80,56.24,1,-1,-1,-1
191,-1,151.97,320.99,165.23,158.82,1,-1,-1,-1
191,-1,163.49,113.57,86.17,98.06,1,-1,-1,-1
191,-1,140.19,86.77,36.24,60.80,1,-1,-1,-1
191,-1,5.45,116.24,70.63,188.05,1,-1,-1,-1
192,-1,148.28,320.98,172.79,159.02,1,-1,-1,-1
192,-1,170.28,115.47,78.91,96.27,1,-1,-1,-1
192,-1,5.27,123.67,68.84,180.42,1,-1,-1,-1
192,-1,143.35,86.48,35.59,58.00,1,-1,-1,-1
193,-1,153.38,319.79,167.28,159.25,1,-1,-1,-1
193,-1,169.87,118.82,79.77,93.40,1,-1,-1,-1
193,-1,5.72,108.02,67.70,194.93,1,-1,-1,-1
194,-1,102.75,215.90,155.43,264.10,1,-1,-1,-1
194,-1,6.70,107.39,66.43,198.46,1,-1,-1,-1
195,-1,77.53,130.27,87.32,207.50,1,-1,-1,-1
195,-1,2.79,109.32,35.25,54.17,1,-1,-1,-1
195,-1,8.59,121.49,67.38,178.95,1,-1,-1,-1
196,-1,477.48,213.62,161.49,260.14,1,-1,-1,-1
196,-1,5.47,113.73,68.69,188.64,1,-1,-1,-1
197,-1,293.14,224.53,257.81,255.47,1,-1,-1,-1
197,-1,569.97,238.34,67.79,118.00,1,-1,-1,-1
197,-1,6.01,112.08,67.96,190.71,1,-1,-1,-1
198,-1,277.07,206.17,229.99,273.83,1,-1,-1,-1
198,-1,158.47,91.10,78.05,120.89,1,-1,-1,-1
198,-1,6.75,113.33,67.10,190.27,1,-1,-1,-1
198,-1,573.50,257.20,65.96,151.63,1,-1,-1,-1
199,-1,273.60,218.72,226.33,261.28,1,-1,-1,-1
199,-1,161.26,91.24,77.52,121.46,1,-1,-1,-1
199,-1,7.06,112.43,67.06,191.98,1,-1,-1,-1
199,-1,137.57,87.51,35.58,60.45,1,-1,-1,-1
199,-1,571.76,250.69,66.63,133.33,1,-1,-1,-1
200,-1,286.30,210.86,206.28,259.95,1,-1,-1,-1
200,-1,569.71,256.32,69.86,128.85,1,-1,-1,-1
200,-1,5.97,108.54,67.33,195.46,1,-1,-1,-1
201,-1,286.30,210.86,206.28,259.95,1,-1,-1,-1
201,-1,569.71,256.32,69.86,128.85,1,-1,-1,-1
201,-1,5.97,108.54,67.33,195.46,1,-1,-1,-1
